0
Implicit_method
50
50
0.02
0.0002
0
0.0002
0.0004
0.0006
0.0008
0.001
0.0012
0.0014
0.0016
0.0018
0.002
0.0022
0.0024
0.0026
0.0028
0.003
0.0032
0.0034
0.0036
0.0038
0.004
0.0042
0.0044
0.0046
0.0048
0.005
0.0052
0.0054
0.0056
0.0058
0.006
0.0062
0.0064
0.0066
0.0068
0.007
0.0072
0.0074
0.0076
0.0078
0.008
0.0082
0.0084
0.0086
0.0088
0.009
0.0092
0.0094
0.0096
0.0098
0.01
0.0002
0.000546334
0.000861698
0.00115779
0.00144104
0.00171518
0.00198253
0.00224461
0.00250245
0.00275681
0.00300824
0.00325715
0.00350387
0.00374868
0.00399178
0.00423336
0.00447355
0.0047125
0.0049503
0.00518704
0.00542282
0.0056577
0.00589174
0.006125
0.00635753
0.00658937
0.00682057
0.00705117
0.00728118
0.00751065
0.0077396
0.00796806
0.00819606
0.0084236
0.00865072
0.00887742
0.00910374
0.00932968
0.00955526
0.0097805
0.0100054
0.01023
0.0104542
0.0106782
0.0109019
0.0111253
0.0113484
0.0115713
0.0117939
0.0120163
0.0122384
0.0008
0.00118543
0.00155425
0.00190792
0.00224873
0.00257881
0.00289996
0.00321359
0.00352084
0.0038226
0.0041196
0.00441242
0.00470152
0.00498732
0.00527013
0.00555025
0.0058279
0.0061033
0.00637663
0.00664804
0.00691767
0.00718565
0.00745208
0.00771706
0.00798068
0.00824302
0.00850415
0.00876413
0.00902303
0.0092809
0.00953779
0.00979375
0.0100488
0.010303
0.0105564
0.010809
0.0110609
0.0113121
0.0115625
0.0118123
0.0120615
0.01231
0.0125579
0.0128053
0.0130521
0.0132984
0.0135441
0.0137894
0.0140341
0.0142784
0.0145222
0.0018
0.00219574
0.00258478
0.00296577
0.00333843
0.00370303
0.00406011
0.00441029
0.0047542
0.00509242
0.00542548
0.00575385
0.00607794
0.00639812
0.00671471
0.00702798
0.00733819
0.00764557
0.00795029
0.00825256
0.00855251
0.00885029
0.00914604
0.00943986
0.00973187
0.0100222
0.0103108
0.0105979
0.0108836
0.0111678
0.0114507
0.0117323
0.0120127
0.0122919
0.0125699
0.0128469
0.0131229
0.0133978
0.0136718
0.0139448
0.014217
0.0144883
0.0147587
0.0150283
0.0152972
0.0155652
0.0158326
0.0160992
0.0163651
0.0166304
0.0168949
0.0032
0.00359828
0.00399413
0.00438639
0.00477426
0.00515728
0.00553527
0.00590822
0.00627626
0.00663958
0.0069984
0.00735296
0.00770351
0.00805026
0.00839345
0.00873328
0.00906995
0.00940363
0.0097345
0.0100627
0.0103884
0.0107116
0.0110327
0.0113515
0.0116683
0.0119831
0.012296
0.0126072
0.0129166
0.0132244
0.0135307
0.0138354
0.0141386
0.0144405
0.014741
0.0150402
0.0153382
0.0156349
0.0159305
0.0162249
0.0165183
0.0168106
0.0171019
0.0173921
0.0176815
0.0179698
0.0182573
0.0185439
0.0188296
0.0191145
0.0193986
0.005
0.00539868
0.00579651
0.00619287
0.00658718
0.00697894
0.00736779
0.00775347
0.00813584
0.00851483
0.00889044
0.0092627
0.00963167
0.00999745
0.0103601
0.0107198
0.0110766
0.0114307
0.0117821
0.0121309
0.0124773
0.0128213
0.013163
0.0135025
0.01384
0.0141755
0.014509
0.0148406
0.0151704
0.0154985
0.015825
0.0161498
0.016473
0.0167947
0.017115
0.0174339
0.0177513
0.0180675
0.0183824
0.018696
0.0190084
0.0193196
0.0196297
0.0199387
0.0202465
0.0205534
0.0208592
0.021164
0.0214678
0.0217707
0.0220726
0.0072
0.00759844
0.00799658
0.00839414
0.0087908
0.00918623
0.00958012
0.00997222
0.0103623
0.0107502
0.0111359
0.0115192
0.0119
0.0122785
0.0126545
0.0130281
0.0133993
0.0137682
0.0141347
0.0144991
0.0148613
0.0152213
0.0155792
0.0159352
0.0162891
0.0166412
0.0169914
0.0173398
0.0176865
0.0180314
0.0183747
0.0187164
0.0190565
0.0193951
0.0197322
0.0200679
0.0204022
0.0207351
0.0210667
0.021397
0.0217261
0.0220539
0.0223805
0.022706
0.0230303
0.0233535
0.0236756
0.0239966
0.0243166
0.0246356
0.0249536
0.0098
0.010198
0.0105958
0.0109934
0.0113907
0.0117873
0.0121832
0.0125782
0.012972
0.0133646
0.0137557
0.0141452
0.0145332
0.0149194
0.0153039
0.0156866
0.0160675
0.0164466
0.0168238
0.0171992
0.0175728
0.0179447
0.0183147
0.018683
0.0190495
0.0194144
0.0197776
0.0201392
0.0204992
0.0208576
0.0212145
0.0215699
0.0219238
0.0222762
0.0226273
0.0229769
0.0233253
0.0236722
0.0240179
0.0243624
0.0247055
0.0250475
0.0253883
0.0257279
0.0260663
0.0264037
0.0267399
0.0270751
0.0274092
0.0277423
0.0280744
0.0128
0.0131974
0.0135947
0.0139919
0.014389
0.0147858
0.0151822
0.0155781
0.0159734
0.016368
0.0167618
0.0171546
0.0175464
0.0179371
0.0183266
0.0187148
0.0191018
0.0194874
0.0198716
0.0202545
0.0206359
0.021016
0.0213946
0.0217717
0.0221475
0.0225218
0.0228947
0.0232662
0.0236364
0.0240051
0.0243725
0.0247386
0.0251034
0.0254668
0.025829
0.0261899
0.0265495
0.0269079
0.0272652
0.0276212
0.027976
0.0283297
0.0286823
0.0290338
0.0293841
0.0297334
0.0300816
0.0304288
0.030775
0.0311201
0.0314643
0.0162
0.0165967
0.0169934
0.01739
0.0177865
0.0181829
0.0185791
0.0189751
0.0193707
0.019766
0.0201607
0.020555
0.0209486
0.0213415
0.0217336
0.0221249
0.0225153
0.0229049
0.0232934
0.0236809
0.0240674
0.0244528
0.0248371
0.0252204
0.0256024
0.0259834
0.0263632
0.0267419
0.0271195
0.0274958
0.0278711
0.0282452
0.0286182
0.02899
0.0293608
0.0297304
0.0300989
0.0304663
0.0308327
0.0311979
0.0315621
0.0319253
0.0322874
0.0326485
0.0330086
0.0333677
0.0337258
0.0340829
0.034439
0.0347942
0.0351485
0.02
0.020396
0.0207919
0.0211878
0.0215836
0.0219794
0.022375
0.0227705
0.0231659
0.023561
0.0239558
0.0243504
0.0247446
0.0251383
0.0255316
0.0259243
0.0263165
0.0267081
0.027099
0.0274892
0.0278786
0.0282673
0.0286552
0.0290423
0.0294285
0.0298139
0.0301983
0.0305819
0.0309646
0.0313463
0.0317272
0.0321071
0.032486
0.032864
0.0332411
0.0336172
0.0339924
0.0343667
0.03474
0.0351124
0.0354838
0.0358544
0.036224
0.0365927
0.0369605
0.0373274
0.0376934
0.0380585
0.0384228
0.0387862
0.0391487
0.0242
0.0245952
0.0249903
0.0253854
0.0257804
0.0261754
0.0265702
0.0269651
0.0273598
0.0277543
0.0281488
0.028543
0.0289371
0.0293308
0.0297243
0.0301175
0.0305103
0.0309027
0.0312946
0.0316861
0.0320771
0.0324676
0.0328574
0.0332467
0.0336354
0.0340235
0.0344108
0.0347975
0.0351835
0.0355688
0.0359534
0.0363372
0.0367203
0.0371026
0.0374842
0.037865
0.038245
0.0386242
0.0390026
0.0393803
0.0397572
0.0401333
0.0405086
0.0408831
0.0412568
0.0416297
0.0420019
0.0423733
0.0427439
0.0431137
0.0434828
0.0288
0.0291943
0.0295885
0.0299827
0.0303768
0.0307709
0.0311649
0.0315589
0.0319528
0.0323466
0.0327403
0.0331339
0.0335274
0.0339207
0.0343139
0.0347068
0.0350995
0.035492
0.0358841
0.036276
0.0366675
0.0370587
0.0374494
0.0378398
0.0382297
0.0386192
0.0390081
0.0393966
0.0397846
0.040172
0.0405589
0.0409452
0.0413309
0.041716
0.0421006
0.0424845
0.0428678
0.0432505
0.0436325
0.0440139
0.0443946
0.0447747
0.0451541
0.0455329
0.045911
0.0462884
0.0466652
0.0470413
0.0474167
0.0477914
0.0481655
0.0338
0.0341933
0.0345866
0.0349798
0.035373
0.0357661
0.0361591
0.0365522
0.0369451
0.037338
0.0377309
0.0381236
0.0385163
0.0389089
0.0393013
0.0396937
0.0400858
0.0404779
0.0408697
0.0412613
0.0416527
0.0420439
0.0424347
0.0428254
0.0432157
0.0436056
0.0439953
0.0443845
0.0447735
0.045162
0.0455501
0.0459377
0.046325
0.0467118
0.0470981
0.0474839
0.0478693
0.0482541
0.0486385
0.0490223
0.0494057
0.0497884
0.0501707
0.0505524
0.0509336
0.0513142
0.0516942
0.0520737
0.0524526
0.052831
0.0532088
0.0392
0.0395923
0.0399845
0.0403767
0.0407688
0.0411609
0.0415529
0.0419449
0.0423369
0.0427287
0.0431206
0.0435124
0.0439041
0.0442957
0.0446873
0.0450788
0.0454701
0.0458614
0.0462525
0.0466435
0.0470344
0.0474251
0.0478156
0.0482059
0.048596
0.0489858
0.0493755
0.0497648
0.050154
0.0505428
0.0509313
0.0513195
0.0517074
0.052095
0.0524822
0.052869
0.0532555
0.0536415
0.0540272
0.0544125
0.0547974
0.0551819
0.0555659
0.0559495
0.0563326
0.0567153
0.0570975
0.0574793
0.0578606
0.0582415
0.0586219
0.045
0.0453912
0.0457823
0.0461733
0.0465644
0.0469553
0.0473463
0.0477372
0.048128
0.0485188
0.0489095
0.0493002
0.0496909
0.0500815
0.050472
0.0508624
0.0512528
0.0516431
0.0520334
0.0524235
0.0528135
0.0532034
0.0535932
0.0539828
0.0543723
0.0547616
0.0551508
0.0555398
0.0559286
0.0563172
0.0567056
0.0570937
0.0574816
0.0578693
0.0582567
0.0586438
0.0590307
0.0594172
0.0598035
0.0601894
0.060575
0.0609603
0.0613453
0.0617299
0.0621142
0.0624981
0.0628816
0.0632648
0.0636476
0.06403
0.064412
0.0512
0.05159
0.0519799
0.0523698
0.0527596
0.0531494
0.0535392
0.0539289
0.0543186
0.0547082
0.0550978
0.0554873
0.0558768
0.0562662
0.0566556
0.0570449
0.0574342
0.0578234
0.0582126
0.0586016
0.0589906
0.0593795
0.0597684
0.0601571
0.0605457
0.0609342
0.0613226
0.0617108
0.062099
0.0624869
0.0628747
0.0632624
0.0636499
0.0640372
0.0644243
0.0648111
0.0651978
0.0655843
0.0659705
0.0663565
0.0667423
0.0671278
0.067513
0.067898
0.0682827
0.0686671
0.0690513
0.0694351
0.0698186
0.0702018
0.0705847
0.0578
0.0581887
0.0585774
0.058966
0.0593546
0.0597432
0.0601317
0.0605202
0.0609086
0.061297
0.0616853
0.0620736
0.0624619
0.0628501
0.0632382
0.0636263
0.0640144
0.0644024
0.0647904
0.0651783
0.0655661
0.0659539
0.0663416
0.0667292
0.0671168
0.0675042
0.0678916
0.0682789
0.0686661
0.0690531
0.0694401
0.0698269
0.0702136
0.0706002
0.0709866
0.0713729
0.071759
0.072145
0.0725308
0.0729164
0.0733018
0.073687
0.074072
0.0744568
0.0748414
0.0752258
0.07561
0.0759939
0.0763776
0.076761
0.0771442
0.0648
0.0651874
0.0655748
0.0659621
0.0663494
0.0667366
0.0671238
0.067511
0.0678981
0.0682852
0.0686722
0.0690592
0.0694461
0.069833
0.0702199
0.0706067
0.0709935
0.0713802
0.0717669
0.0721535
0.0725401
0.0729266
0.0733131
0.0736995
0.0740858
0.0744721
0.0748583
0.0752445
0.0756305
0.0760165
0.0764024
0.0767882
0.0771739
0.0775595
0.077945
0.0783303
0.0787156
0.0791007
0.0794857
0.0798706
0.0802553
0.0806399
0.0810243
0.0814086
0.0817927
0.0821766
0.0825604
0.0829439
0.0833273
0.0837105
0.0840935
0.0722
0.072586
0.072972
0.073358
0.0737439
0.0741297
0.0745156
0.0749013
0.0752871
0.0756728
0.0760584
0.076444
0.0768296
0.0772152
0.0776007
0.0779861
0.0783715
0.0787569
0.0791422
0.0795275
0.0799127
0.0802979
0.080683
0.0810681
0.0814531
0.0818381
0.082223
0.0826079
0.0829927
0.0833774
0.0837621
0.0841467
0.0845312
0.0849156
0.0853
0.0856843
0.0860684
0.0864525
0.0868365
0.0872204
0.0876042
0.0879878
0.0883713
0.0887548
0.089138
0.0895212
0.0899042
0.0902871
0.0906698
0.0910524
0.0914348
0.08
0.0803846
0.0807691
0.0811536
0.0815381
0.0819225
0.0823069
0.0826912
0.0830755
0.0834598
0.083844
0.0842282
0.0846123
0.0849964
0.0853805
0.0857645
0.0861485
0.0865324
0.0869163
0.0873002
0.087684
0.0880678
0.0884515
0.0888352
0.0892188
0.0896024
0.0899859
0.0903694
0.0907529
0.0911362
0.0915196
0.0919028
0.092286
0.0926692
0.0930523
0.0934353
0.0938182
0.094201
0.0945838
0.0949665
0.0953491
0.0957317
0.0961141
0.0964964
0.0968786
0.0972608
0.0976428
0.0980247
0.0984065
0.0987881
0.0991697
0.0882
0.0885831
0.0889661
0.0893491
0.0897321
0.090115
0.0904979
0.0908807
0.0912635
0.0916463
0.092029
0.0924117
0.0927943
0.0931769
0.0935595
0.093942
0.0943245
0.094707
0.0950894
0.0954717
0.0958541
0.0962364
0.0966186
0.0970008
0.097383
0.0977651
0.0981472
0.0985292
0.0989112
0.0992931
0.099675
0.100057
0.100439
0.10082
0.101202
0.101584
0.101965
0.102347
0.102728
0.10311
0.103491
0.103872
0.104253
0.104634
0.105015
0.105396
0.105777
0.106158
0.106538
0.106919
0.107299
0.0968
0.0971815
0.097563
0.0979444
0.0983258
0.0987072
0.0990885
0.0994698
0.099851
0.100232
0.100613
0.100994
0.101376
0.101757
0.102138
0.102519
0.1029
0.10328
0.103661
0.104042
0.104423
0.104804
0.105184
0.105565
0.105946
0.106326
0.106707
0.107087
0.107468
0.107848
0.108229
0.108609
0.108989
0.109369
0.10975
0.11013
0.11051
0.11089
0.11127
0.11165
0.11203
0.112409
0.112789
0.113169
0.113548
0.113928
0.114307
0.114687
0.115066
0.115445
0.115825
0.1058
0.10618
0.10656
0.10694
0.107319
0.107699
0.108079
0.108458
0.108838
0.109218
0.109597
0.109977
0.110356
0.110736
0.111115
0.111494
0.111874
0.112253
0.112632
0.113011
0.113391
0.11377
0.114149
0.114528
0.114907
0.115286
0.115665
0.116044
0.116423
0.116801
0.11718
0.117559
0.117938
0.118316
0.118695
0.119074
0.119452
0.119831
0.120209
0.120587
0.120966
0.121344
0.121722
0.1221
0.122479
0.122857
0.123235
0.123613
0.12399
0.124368
0.124746
0.1152
0.115578
0.115956
0.116334
0.116713
0.117091
0.117469
0.117847
0.118225
0.118603
0.11898
0.119358
0.119736
0.120114
0.120492
0.120869
0.121247
0.121624
0.122002
0.12238
0.122757
0.123135
0.123512
0.123889
0.124267
0.124644
0.125021
0.125399
0.125776
0.126153
0.12653
0.126907
0.127284
0.127661
0.128038
0.128415
0.128792
0.129169
0.129546
0.129923
0.130299
0.130676
0.131053
0.131429
0.131806
0.132182
0.132559
0.132935
0.133312
0.133688
0.134064
0.125
0.125376
0.125753
0.126129
0.126506
0.126882
0.127258
0.127635
0.128011
0.128387
0.128763
0.129139
0.129515
0.129891
0.130267
0.130643
0.131019
0.131395
0.131771
0.132147
0.132523
0.132898
0.133274
0.13365
0.134025
0.134401
0.134777
0.135152
0.135528
0.135903
0.136279
0.136654
0.137029
0.137405
0.13778
0.138155
0.13853
0.138906
0.139281
0.139656
0.140031
0.140406
0.140781
0.141156
0.141531
0.141905
0.14228
0.142655
0.14303
0.143404
0.143779
0.1352
0.135575
0.135949
0.136324
0.136698
0.137073
0.137448
0.137822
0.138196
0.138571
0.138945
0.13932
0.139694
0.140068
0.140442
0.140817
0.141191
0.141565
0.141939
0.142313
0.142687
0.143061
0.143435
0.143809
0.144183
0.144557
0.14493
0.145304
0.145678
0.146052
0.146425
0.146799
0.147173
0.147546
0.14792
0.148293
0.148667
0.14904
0.149413
0.149787
0.15016
0.150533
0.150907
0.15128
0.151653
0.152026
0.152399
0.152772
0.153145
0.153518
0.153891
0.1458
0.146173
0.146546
0.146918
0.147291
0.147664
0.148037
0.148409
0.148782
0.149154
0.149527
0.149899
0.150272
0.150644
0.151017
0.151389
0.151761
0.152134
0.152506
0.152878
0.15325
0.153623
0.153995
0.154367
0.154739
0.155111
0.155483
0.155855
0.156227
0.156599
0.156971
0.157342
0.157714
0.158086
0.158458
0.158829
0.159201
0.159573
0.159944
0.160316
0.160687
0.161059
0.16143
0.161801
0.162173
0.162544
0.162915
0.163286
0.163657
0.164028
0.164399
0.1568
0.157171
0.157542
0.157913
0.158284
0.158654
0.159025
0.159396
0.159767
0.160137
0.160508
0.160879
0.161249
0.16162
0.16199
0.162361
0.162731
0.163102
0.163472
0.163842
0.164213
0.164583
0.164953
0.165324
0.165694
0.166064
0.166434
0.166804
0.167174
0.167544
0.167914
0.168284
0.168654
0.169024
0.169394
0.169764
0.170134
0.170503
0.170873
0.171243
0.171612
0.171982
0.172351
0.172721
0.17309
0.17346
0.173829
0.174198
0.174567
0.174936
0.175305
0.1682
0.168569
0.168938
0.169307
0.169676
0.170045
0.170414
0.170782
0.171151
0.17152
0.171889
0.172257
0.172626
0.172995
0.173363
0.173732
0.1741
0.174469
0.174837
0.175206
0.175574
0.175943
0.176311
0.176679
0.177048
0.177416
0.177784
0.178152
0.17852
0.178889
0.179257
0.179625
0.179993
0.180361
0.180729
0.181096
0.181464
0.181832
0.1822
0.182568
0.182935
0.183303
0.18367
0.184038
0.184405
0.184773
0.18514
0.185507
0.185874
0.186242
0.186609
0.18
0.180367
0.180734
0.181101
0.181468
0.181835
0.182202
0.182569
0.182935
0.183302
0.183669
0.184036
0.184402
0.184769
0.185136
0.185502
0.185869
0.186235
0.186602
0.186968
0.187335
0.187701
0.188068
0.188434
0.1888
0.189167
0.189533
0.189899
0.190265
0.190631
0.190998
0.191364
0.19173
0.192096
0.192462
0.192827
0.193193
0.193559
0.193925
0.19429
0.194656
0.195022
0.195387
0.195753
0.196118
0.196483
0.196848
0.197214
0.197579
0.197944
0.198309
0.1922
0.192565
0.19293
0.193295
0.19366
0.194025
0.19439
0.194754
0.195119
0.195484
0.195849
0.196213
0.196578
0.196943
0.197307
0.197672
0.198037
0.198401
0.198766
0.19913
0.199495
0.199859
0.200223
0.200588
0.200952
0.201316
0.201681
0.202045
0.202409
0.202773
0.203137
0.203501
0.203865
0.204229
0.204593
0.204957
0.20532
0.205684
0.206048
0.206411
0.206775
0.207138
0.207501
0.207865
0.208228
0.208591
0.208954
0.209317
0.20968
0.210042
0.210405
0.2048
0.205163
0.205526
0.205889
0.206252
0.206614
0.206977
0.20734
0.207703
0.208065
0.208428
0.208791
0.209153
0.209516
0.209879
0.210241
0.210604
0.210966
0.211329
0.211691
0.212053
0.212416
0.212778
0.21314
0.213503
0.213865
0.214227
0.214589
0.214951
0.215313
0.215675
0.216037
0.216399
0.216761
0.217122
0.217484
0.217846
0.218207
0.218568
0.21893
0.219291
0.219652
0.220013
0.220374
0.220735
0.221096
0.221456
0.221817
0.222177
0.222537
0.222898
0.2178
0.218161
0.218522
0.218882
0.219243
0.219604
0.219965
0.220325
0.220686
0.221047
0.221407
0.221768
0.222128
0.222489
0.222849
0.22321
0.22357
0.223931
0.224291
0.224651
0.225011
0.225372
0.225732
0.226092
0.226452
0.226812
0.227172
0.227532
0.227892
0.228252
0.228612
0.228971
0.229331
0.22969
0.23005
0.230409
0.230768
0.231128
0.231487
0.231846
0.232204
0.232563
0.232922
0.23328
0.233638
0.233997
0.234355
0.234712
0.23507
0.235428
0.235785
0.2312
0.231559
0.231917
0.232276
0.232635
0.232993
0.233352
0.23371
0.234069
0.234427
0.234786
0.235144
0.235503
0.235861
0.236219
0.236578
0.236936
0.237294
0.237652
0.238011
0.238369
0.238727
0.239085
0.239443
0.239801
0.240159
0.240516
0.240874
0.241232
0.241589
0.241946
0.242304
0.242661
0.243018
0.243375
0.243732
0.244089
0.244445
0.244802
0.245158
0.245514
0.24587
0.246226
0.246582
0.246937
0.247293
0.247648
0.248003
0.248358
0.248713
0.249067
0.245
0.245357
0.245713
0.246069
0.246426
0.246782
0.247139
0.247495
0.247851
0.248208
0.248564
0.24892
0.249277
0.249633
0.249989
0.250345
0.250701
0.251057
0.251413
0.251769
0.252125
0.252481
0.252837
0.253192
0.253548
0.253903
0.254259
0.254614
0.254969
0.255324
0.255679
0.256034
0.256389
0.256743
0.257097
0.257452
0.257806
0.258159
0.258513
0.258867
0.25922
0.259573
0.259926
0.260278
0.260631
0.260983
0.261335
0.261687
0.262038
0.26239
0.262741
0.2592
0.259554
0.259909
0.260263
0.260617
0.260971
0.261326
0.26168
0.262034
0.262388
0.262742
0.263096
0.26345
0.263804
0.264158
0.264512
0.264866
0.26522
0.265573
0.265927
0.26628
0.266634
0.266987
0.26734
0.267694
0.268047
0.268399
0.268752
0.269105
0.269457
0.269809
0.270161
0.270513
0.270864
0.271216
0.271567
0.271918
0.272269
0.272619
0.272969
0.273319
0.273669
0.274019
0.274368
0.274717
0.275066
0.275414
0.275762
0.27611
0.276458
0.276805
0.2738
0.274152
0.274504
0.274856
0.275208
0.27556
0.275912
0.276264
0.276616
0.276968
0.27732
0.277672
0.278023
0.278375
0.278727
0.279078
0.27943
0.279781
0.280132
0.280484
0.280835
0.281185
0.281536
0.281887
0.282237
0.282587
0.282937
0.283287
0.283637
0.283986
0.284335
0.284684
0.285033
0.285381
0.285729
0.286077
0.286424
0.286771
0.287118
0.287465
0.287811
0.288157
0.288502
0.288848
0.289193
0.289537
0.289882
0.290226
0.290569
0.290912
0.291255
0.2888
0.28915
0.2895
0.289849
0.290199
0.290549
0.290899
0.291248
0.291598
0.291947
0.292297
0.292646
0.292996
0.293345
0.293694
0.294044
0.294393
0.294741
0.29509
0.295439
0.295787
0.296135
0.296483
0.29683
0.297178
0.297525
0.297872
0.298218
0.298564
0.29891
0.299256
0.299601
0.299946
0.30029
0.300634
0.300978
0.301322
0.301665
0.302007
0.30235
0.302691
0.303033
0.303374
0.303715
0.304055
0.304395
0.304734
0.305074
0.305412
0.305751
0.306088
0.3042
0.304548
0.304895
0.305243
0.30559
0.305937
0.306285
0.306632
0.306979
0.307327
0.307674
0.308021
0.308368
0.308715
0.309061
0.309408
0.309754
0.3101
0.310446
0.310791
0.311136
0.311481
0.311826
0.31217
0.312514
0.312857
0.3132
0.313543
0.313885
0.314227
0.314568
0.314909
0.315249
0.315589
0.315929
0.316268
0.316607
0.316945
0.317283
0.31762
0.317957
0.318293
0.318629
0.318964
0.319299
0.319633
0.319967
0.320301
0.320634
0.320966
0.321298
0.32
0.320345
0.32069
0.321036
0.321381
0.321726
0.322071
0.322416
0.322761
0.323106
0.32345
0.323795
0.324139
0.324483
0.324826
0.32517
0.325513
0.325856
0.326198
0.32654
0.326881
0.327222
0.327563
0.327903
0.328242
0.328581
0.32892
0.329258
0.329595
0.329932
0.330268
0.330604
0.330939
0.331274
0.331608
0.331942
0.332275
0.332607
0.332939
0.33327
0.333601
0.333931
0.33426
0.33459
0.334918
0.335246
0.335573
0.3359
0.336227
0.336553
0.336878
0.3362
0.336543
0.336886
0.337229
0.337571
0.337914
0.338257
0.338599
0.338941
0.339284
0.339625
0.339967
0.340308
0.340649
0.340989
0.341329
0.341668
0.342007
0.342345
0.342682
0.343019
0.343355
0.343691
0.344026
0.34436
0.344694
0.345027
0.345359
0.34569
0.346021
0.346351
0.346681
0.34701
0.347338
0.347665
0.347992
0.348318
0.348644
0.348969
0.349293
0.349616
0.349939
0.350262
0.350583
0.350904
0.351225
0.351545
0.351864
0.352183
0.352501
0.352819
0.3528
0.353141
0.353481
0.353821
0.354162
0.354502
0.354842
0.355182
0.355521
0.35586
0.356198
0.356536
0.356874
0.35721
0.357546
0.357881
0.358216
0.358549
0.358882
0.359214
0.359545
0.359875
0.360205
0.360533
0.360861
0.361188
0.361514
0.361839
0.362163
0.362487
0.362809
0.363131
0.363452
0.363773
0.364092
0.364411
0.364729
0.365046
0.365363
0.365679
0.365994
0.366309
0.366622
0.366935
0.367248
0.36756
0.367871
0.368182
0.368491
0.368801
0.36911
0.3698
0.370138
0.370476
0.370814
0.371152
0.371489
0.371826
0.372163
0.372498
0.372833
0.373168
0.373501
0.373833
0.374164
0.374494
0.374823
0.375151
0.375478
0.375804
0.376129
0.376452
0.376775
0.377097
0.377417
0.377736
0.378055
0.378372
0.378689
0.379004
0.379319
0.379632
0.379945
0.380257
0.380568
0.380878
0.381187
0.381495
0.381803
0.38211
0.382416
0.382721
0.383026
0.38333
0.383633
0.383936
0.384238
0.384539
0.38484
0.385139
0.385439
0.385738
0.3872
0.387536
0.387871
0.388207
0.388541
0.388875
0.389208
0.38954
0.389871
0.390201
0.390529
0.390855
0.391181
0.391504
0.391827
0.392148
0.392467
0.392785
0.393102
0.393417
0.393731
0.394044
0.394355
0.394666
0.394975
0.395283
0.395589
0.395895
0.3962
0.396503
0.396806
0.397108
0.397409
0.397708
0.398007
0.398306
0.398603
0.398899
0.399195
0.39949
0.399784
0.400077
0.40037
0.400662
0.400953
0.401244
0.401534
0.401823
0.402112
0.4024
0.402687
0.405
0.405333
0.405666
0.405998
0.406328
0.406657
0.406985
0.40731
0.407634
0.407955
0.408275
0.408592
0.408907
0.409221
0.409532
0.409842
0.41015
0.410457
0.410761
0.411065
0.411366
0.411667
0.411966
0.412263
0.41256
0.412855
0.413149
0.413442
0.413734
0.414025
0.414314
0.414603
0.414891
0.415178
0.415464
0.415749
0.416034
0.416317
0.4166
0.416882
0.417163
0.417444
0.417724
0.418003
0.418282
0.41856
0.418837
0.419114
0.41939
0.419666
0.419941
0.4232
0.42353
0.423859
0.424186
0.42451
0.424831
0.425149
0.425464
0.425777
0.426086
0.426392
0.426696
0.426998
0.427297
0.427594
0.42789
0.428183
0.428474
0.428764
0.429052
0.429339
0.429624
0.429908
0.43019
0.430471
0.430751
0.43103
0.431308
0.431585
0.431861
0.432136
0.43241
0.432683
0.432955
0.433226
0.433497
0.433767
0.434036
0.434305
0.434572
0.43484
0.435106
0.435372
0.435637
0.435902
0.436166
0.43643
0.436693
0.436955
0.437217
0.437479
0.4418
0.442126
0.442448
0.442766
0.443078
0.443385
0.443688
0.443987
0.444282
0.444573
0.444862
0.445147
0.44543
0.445711
0.445989
0.446266
0.44654
0.446813
0.447084
0.447354
0.447622
0.447889
0.448155
0.44842
0.448684
0.448946
0.449208
0.449468
0.449728
0.449987
0.450245
0.450502
0.450759
0.451015
0.45127
0.451525
0.451779
0.452032
0.452285
0.452537
0.452788
0.45304
0.45329
0.45354
0.45379
0.454039
0.454288
0.454536
0.454784
0.455032
0.455279
0.4608
0.461117
0.461425
0.461723
0.462013
0.462297
0.462576
0.46285
0.46312
0.463387
0.463651
0.463912
0.464171
0.464428
0.464684
0.464937
0.46519
0.465441
0.46569
0.465939
0.466186
0.466432
0.466678
0.466922
0.467166
0.467409
0.467651
0.467893
0.468134
0.468374
0.468614
0.468853
0.469092
0.46933
0.469567
0.469805
0.470041
0.470278
0.470513
0.470749
0.470984
0.471219
0.471453
0.471687
0.471921
0.472154
0.472387
0.47262
0.472852
0.473084
0.473316
0.4802
0.480491
0.480764
0.481024
0.481277
0.481525
0.481768
0.482008
0.482246
0.482482
0.482715
0.482947
0.483178
0.483408
0.483637
0.483865
0.484092
0.484318
0.484543
0.484768
0.484992
0.485216
0.485439
0.485662
0.485884
0.486106
0.486328
0.486549
0.48677
0.48699
0.48721
0.48743
0.48765
0.487869
0.488088
0.488307
0.488526
0.488744
0.488962
0.48918
0.489398
0.489615
0.489833
0.49005
0.490267
0.490484
0.4907
0.490917
0.491133
0.491349
0.491565
0.5
0.5002
0.5004
0.5006
0.5008
0.501
0.5012
0.5014
0.5016
0.5018
0.502
0.5022
0.5024
0.5026
0.5028
0.503
0.5032
0.5034
0.5036
0.5038
0.504
0.5042
0.5044
0.5046
0.5048
0.505
0.5052
0.5054
0.5056
0.5058
0.506
0.5062
0.5064
0.5066
0.5068
0.507
0.5072
0.5074
0.5076
0.5078
0.508
0.5082
0.5084
0.5086
0.5088
0.509
0.5092
0.5094
0.5096
0.5098
0.51
